4888569
4890890
1457285660
863967065
416531746
2146644143
428116072
28917385
2679658484
28152562
22665152
22659961
4885600
2099995115
26123974
33937482
418603290
28912390
22709627
1313104270
418603430
2637081795
1983162382
2676706708
2125289760
4884776
2146644125
2014331415
2660180127
1980994758
2679621995
1452686658
27515067
1335362789
22774556
2633405585
1347529151
2099943653
2106776287
28814773
1824721964
28912796
549320124
28468435
2624577230
1387392404
492833330
1408586354
418603432
455311466
407485168
1400924044
28844016
26096274
2101409537
4892550
2681660968
492999800
498880441
1825056882
2090357085
28559820
2673969576
2053956144
2008003632
2034742283
2033851562
28578696
2105374808
1369404130
22677561
549309151
2030697456
32098065
2655517663
1368028763
2648491185
484732440
1347502034
1418352869
422790936
469065455
1990783041
1985741359
2606721042
469073369
2072515549
1961462977
1369404131
1374774329
2686166750
28987276
2057929602
2007997816
502455390
2019594356
2160326949
548649170
1900172235
28814777
1979045976
4884455
22817725
416531752
22716812
2148656051
407485166
1878313261
1440693799
22699121
2604902548
2132901814
2099796874
30590099
1844149254
1477342160
2014213815
1921944983
26440351
1881715467
2148168729
1994310435
2162839639
1337971584
487029007
31245766
1925405601
423997826
2023084063
37095790
860324
22821037
30830842
2036133022
1977103424
1294899575
529824443
1453114196
22784894
39443782
1453108361
1989326301
1818537088
1813577886
2099979761
1870563237
2021312031
2671810670
484058970
1908080837
1918884502
28987786
1824721926
2122922265
4885284
4890954
2624245425
29491558
22779010
1993056721
550022
22691081
2086726248
1408587102
1825057438
1913225280
422960772
22730079
28977423
418602440
2029875907
1408586356
1376075091
409912
1369395007
1408586353
440464031
421148096
2675081650
2126743919
28844017
32098066
2681057791
419238716
22717345
22716865
1407987290
1402830753
28457390
22702140
29167902
1347526531
1870563007
2048345527
1903309181
2106348983
35806165
1989623070
22748148
4886068
469065438
2650368751
2634830026
2010733687
1921984875
29185036
22677432
27950383
2604171822
1839931879
2044806530
1372323060
1347497948
1477335728
2118849639
1962744445
452804930
1311346129
2633141363
29710424
1813576412
2120430309
33248274
26310277
28559825
1834556810
2656235629
28411815
2149523329
1498762933
1952648657
22753032
1844152897
27853207
502455426
2673013782
1882069249
2672415627
1918883947
2132170351
2135199024
2627412697
2031132720
1335362744
1994429221
458231455
2101412302
1865224030
29124077
825736
1952510370
2679370016
4885282
860262
507795306
1400920956
2065967989
2655383360
26432098
1335362791
2135222889
1865928065
852346
1970757975
1930113252
4887941
1917835637
532776181
2008735702
27958133
422094957
2158993579
546723682
2036132357
2656567676
2641799212
2152583948
1968479695
526472052
546722668
26219272
22686732
1321543977
494858478
1951952113
459717341
2019122612
452804931
2624563540
28590199
561307164
2095862989
1453381133
1938210666
2640819610
2105376346
1385117202
1408587103
503020031
502455424
2117777503
27733712
2648166069
29023572
2603846010
478686056
2166679547
1818504146
26388121
1871038762
2108262522
2037085150
1984810563
2094452596
22677555
476442
22716985
1335373476
2028950723
26113843
1815390455
1347529070
30512288
423997821
1950028990
858574
4888609
22779017
2679736529
4885291
28936583
2033303381
1939575649
1316375345
2146643163
2054974200
22716803
2671850735
33367333
4887939
1910963272
2060961419
2140325144
1864305690
1867931739
29379265
33365077
22653744
2119700765
28912387
1833346853
512489315
1821558162
26124988
28977358
1813576413
546724679
529824617
1825059848
1386011952
28468985
2010831857
2050661837
1337976436
529814460
507794324
1813577884
22717168
32358972
548540
484732461
4887944
484058972
27853410
2614413538
483690462
1874071405
1825022661
1912598037
573582092
1913813562
1308818780
26124992
2124087926
22716864
28431064
22716871
2116677134
2025999553
2044806416
2084395456
487375642
1876060316
30051379
1375958749
4884226
1885752790
2642285401
1385116335
1355844587
1914871812
444324919
2003647670
1318877206
22716957
26219539
1980716397
2660476402
1994644567
1457285659
22677572
1844152959
1969894608
1914587484
1915003745
2048347743
1959715041
28987909
573577096
2126430369
1878616970
484732450
1864341171
1914870467
28189654
1446321695
27733714
4890960
407485167
26212269
426881163
1999253939
1962730657
507794320
33367334
2116677829
1954119959
546723681
1817414180
1973155231
1824719288
1977103330
860337
1973602836
2138311221
26219267
27719919
2102080939
27562559
1996351679
22745606
1830451364
2615038590
26219276
1914686239
28370745
1893850481
29812004
459717339
1934785997
35253562
1338942714
2035058678
410058
1992351743
1874648664
1294910587
504425889
28987212
27950392
1976813348
1834098423
1335797413
2070366982
1999305125
2125017521
2016941809
2674450822
2086798921
2139295556
2069614110
1963963610
22779027
26219270
22760401
1923751777
573582098
2698302091
4889665
28063259
29133426
32857369
455311469
1982959102
1911623861
2130138188
458231453
1959396190
2154097260
1895636990
28917380
1904248671
1941347910
2146787467
26212271
31830623
29185031
1804888685
573577091
1454714045
487029006
425137572
28457399
22717539
22813148
26115909
28578695
1960596191
22826150
2048604691
437016
4885292
407485173
22716842
33955384
26310275
1824854135
27950386
26440343
27719915
26219263
1335794786
2050236789
2132596147
32958080
22699058
1969488000
1385116338
22716873
2660217165
2074725758
22686719
28987279
500913305
2102054488
1968735700
1390016328
29049640
494862373
1875436617
2001512831
2112766803
1893823898
2660875049
428116887
1915012801
2628273840
29747152
2114029361
28768887
507795299
28189650
2061963201
2679381502
33367341
1961278797
573577100
2671547198
2623126852
30870541
2616170354
529814650
4888619
4884674
484058954
28863098
1813576411
26310269
481523267
26209792
22677433
2005747955
1835378671
1928368383
1987827161
623108
22640599
1453114194
529823405
2106739389
33367339
2609110470
751703
1917999677
4884472
1951285318
417953306
1372315637
2042180557
1831013049
2158892488
1457351942
1856798418
22811615
2133346862
2672829798
27950384
1333335843
2048012723
2053983644
526327012
31245764
1913840996
2045892505
2651254134
33166366
2631211946
1893827753
22638621
4884448
2166768555
2059313706
2146644149
1984532509
26124540
2626081207
484721146
2648166067
2065155553
31830626
1914871811
28545789
2033097722
2606295671
22716989
2660170301
1981517511
2048060855
2080883057
1824982282
2043206027
412902340
2055942665
2645491397
408557934
4887930
1924765417
2631819657
2643729096
1862516716
22783175
2656584102
1835298491
1863858994
2651255977
27770517
422132440
28695650
2039114979
2104034335
2020625193
26209793
1914695646
2068936866
483690471
452608852
4888615
22716914
432486474
32358954
4886147
1453382030
32574947
1864338280
1391439399
2055244250
515349
26096272
2084302199
2098473464
1842125921
2619714129
1400378511
29045722
2074767659
34338744
1398679772
860287
2127806975
22717166
22813149
452804933
2045227957
1895855725
484058952
2038417535
2137125902
22677436
22677430
484705
2091470636
29023566
2021840298
26115907
4890956
28872155
2038123926
573582084
2059564080
1864338278
2084089752
1960670834
484056953
26096273
22781686
1917236462
29747157
489999000
1818504147
22699111
1826139261
433223733
1335362787
22821020
2603880596
1999290454
28364362
1339711519
2051317320
546722667
2601569203
484058936
2114306322
546730658
1914870470
1900171627
1914695645
573577085
28872151
529834569
1818761616
1994796902
2650843590
1968735701
502455387
26440385
573581063
22716813
1440704065
4889343
2086010493
507794241
2649372848
2154667993
1895245088
22716807
1997511470
2084005979
2077713564
41672043
28844025
34228396
28917375
1418072957
440209008
1453343027
1970757974
2634888175
28387072
1866566264
459717345
1408586589
2039194844
2058165746
33495318
26440335
1844152958
22811616
1347497945
29185030
1477335727
28912788
27719912
2081385302
26125000
1901589029
1824995083
27515073
1453108359
2003716085
2031339591
2166768552
2071226834
2006735434
2628229831
22699128
31245771
28987282
1313897519
1391441154
33471237
1391439400
35288537
2069769991
1311346096
22717169
4884428
4884423
1817740183
28786577
1396524585
1968076297
1826138323
2031973491
1813577882
505474378
29023581
4886071
2120692517
4890950
1833652862
30070153
28578698
28947062
22677558
421160035
1958457257
1327067975
35253555
27515070
2135491099
26108432
1450775270
1369395002
4887935
28559827
2678553124
1396524584
28364368
33361943
22809569
31997139
27672105
22811650
2071916679
489970715
1980732838
29379275
2615759181
2151646203
2019338673
2038452648
2087632796
1832399528
33715063
1385117201
2703031969
4888624
2029871458
751698
1408586358
1467927013
1849668314
28917376
2688082862
4884866
2106675701
1818764611
33937480
1841266666
1947239842
2068063750
1482191684
505474376
2117567658
1941555670
33761632
29246102
1347502035
1998682491
2101409535
2643804892
452814864
2106776134
484721144
532776179
22817721
28936445
2158227890
22716920
2650742884
1885752787
1855089388
1333335848
22783162
1986394103
33911652
515603
1316375344
1818502016
1347497539
2156432998
32431057
399354856
2025912873
2130335770
1990480788
27630876
1912642513
2629007247
2637083554
547976349
32432769
1961831205
22699089
31830617
2141984842
2673149615
28936580
2056207907
4887032
26219543
4884801
28243641
1477342161
36621797
1383171720
512489312
2681398534
502455382
2018936468
4884807
484058975
2019338675
2052275194
489970714
27733710
34690736
22717200
32358712
22813144
432387
1347502037
2014331434
1339711520
1334078127
2626380761
1462369735
546724680
28987359
2072331782
444324872
548356
4887945
428095216
2628367855
1883985010
26440333
2629424746
1971679115
2146644042
1309319392
529824616
2134477413
2141235432
22659956
2071226830
2077866134
2061226314
1382508630
2134438606
1970057015
491484398
1388172420
1330849743
1826138310
29724781
28912794
1408587105
22677563
22635207
4886074
2120430260
2076506176
4888355
2023959974
1390015136
422132432
490006875
2014186008
2076889340
2046462028
1987576302
1878534762
1989108725
2646892761
28564198
698716
22691072
28285813
2121980419
489999002
1417885192
1333336761
22691076
29023577
26113840
35270792
2012379727
2085441263
2156100378
2116677826
1860746277
2112995144
1997514866
2625647278
1867928484
28387074
1842166288
1294899573
28914363
2087010071
32431535
502455381
28411811
547973358
28936440
2157873998
2110829983
432486475
2684215429
2071226835
399354853
2038851735
4884231
2056111917
1818502017
2042004070
1309901145
2013729644
2104936025
2103165991
1849669026
22677426
2653133307
2033837563
529824432
2031664863
2139295552
29172403
29491235
1921983207
483690476
1970757970
40915601
2102598123
1997514875
1347526544
1862309993
33516239
860339
2613470343
2002979768
461864787
2114814055
2101412305
502455388
416531155
22640622
30830848
1382507778
26212270
26219552
30870185
2036414469
30070243
2079797265
2089113373
2148734449
31653480
27958132
2679622007
30780948
1311319152
2099279360
2045248174
502455391
546730659
1871753381
1385128178
2068956580
2026535564
2051589588
490416074
1952234518
28561967
2061665127
28364360
1904488963
2109878928
2678245971
1994795943
1418092909
1997819321
1486054020
35288526
32192205
2621647051
28063245
1938686774
22817727
2077756659
2102067051
1903937505
1825037926
30870173
455311456
2080963051
2007998554
26310273
29379333
4888328
22717167
4888357
4884204
1928974168
858549
1987279367
1998383919
2054555607
505474374
33367345
2621647052
2020725645
4886289
502455384
29124078
1454942705
30830855
582412
22677585
2026800157
2139587717
1495031098
22686709
573577101
2016662338
22699059
35270794
2008457365
1501477717
1818764621
1347502036
2667440872
2114682911
2647754437
29460985
26124989
2069361759
22730068
2114427448
28814771
2022368498
1818504158
2054983198
1840052610
1849700898
29379262
477215496
26440474
2092366909
2081995348
4886065
28411806
2008813272
484056980
477215497
1804885911
1970778993
2040305450
546723680
2679294470
2066084173
529814648
2619451466
1997514877
412902325
2676576964
28370756
494858482
526327014
1943883908
2016139765
1347526553
28152560
553310780
1372314882
33984818
2139050670
2634824068
2603527433
2133990112
1347529118
29710421
2107794665
27958142
31653490
573583095
2649176253
27791345
2130481943
33856835
2122263914
26212280
4928128
512489317
2146643265
1804885913
434294
1824854197
26440332
2033860933
502455383
1974084245
4888101
29379294
1982708914
1396876232
22717181
2623851813
33791287
29491571
2121873918
2612264450
1867863168
502706223
22665146
1804885908
34766717
461080610
2639470072
22826142
29193835
26432102
1472554869
1418072951
29827567
1396522693
30830850
27719925
2132512970
1872393298
2649249534
549321152
2670650217
466343981
1408570397
28814787
2005538265
2119751513
2671884898
469073363
414826888
4884416
1453114195
1815394093
2123827852
1913278640
407485169
2057648979
1453342312
2002980370
35253557
2130039621
1974961011
1914693593
35270802
478686034
29163582
2678970065
1959396193
505474377
28406224
2625510312
28468990
2138520986
399340077
2043178301
1347529144
1449599572
28152553
26440339
1385117200
26212284
22717002
2676274232
4887035
29185037
2071164211
1385116334
483690461
1949038554
2053413655
1919802219
4890973
1840474281
29246096
26213690
1430996594
2097828677
29163440
28661548
1858332843
484056985
2600134941
28457388
1970326107
502455385
1912986259
2671858663
27571762
27958139
2021343206
2635095850
526473121
1874071414
22640602
1905030821
503853912
455311474
34528611
2017225481
4890958
1855988913
29819846
426881161
4884547
2153808305
28977469
4887940
22686739
1826442171
2684113224
22716992
1848778332
1977212320
546722666
2129101950
2613453045
863967061
27515069
4884457
22778983
426290629
2619004933
2623190587
2121980421
2135199026
2040293594
28152558
28996501
2635276129
29046140
1903311036
33527616
2645815380
4890952
2132303520
22779029
31245383
1970303952
2111928779
417953304
33937479
409926
28559818
4888326
26125997
2005993017
2124971299
2085915374
1899738385
2685777422
1921983211
1950030803
2166682725
4888333
1892808930
26435325
1450776045
428116071
4888613
1877943224
27719926
1932060060
2031132680
2043178101
2114108283
1982975719
1477857616
1372314988
34152575
2071225288
1358188091
29027486
1335362747
858554
452814866
32574954
26212288
32432767
2014330513
2052296137
440411072
1408586355
2084397982
1347496659
22637316
28521803
1450775271
2681383698
484058965
1836995553
2131162929
2132167305
30394219
27741612
26440337
2660859676
2125458879
469065436
1915002109
32574951
2149798095
2139362850
2130688624
509531779
439915623
1825192660
492834361
484056983
2085420505
28661654
2623190119
2638390009
407485162
1940912991
2668643175
27630877
28828187
2134667226
29163452
2035254423
2125282926
28243624
2099358985
1869372069
2144025688
34497568
2099344990
1347497531
4884527
2030198375
539065
31245772
489999001
2006511504
26209802
1327074184
31830613
1338942713
33916361
2108831771
22665147
2639989813
1916395393
2069737988
1988588541
22716790
484732444
1347497532
1894085804
1947588987
31830614
2069736075
1446321697
1978615740
573583096
2064037232
35288982
28578701
434732276
1418077518
426026627
2063514392
22677582
2008949303
29460982
2046509513
22811619
28872154
1862522505
482809697
2065967510
22677571
2055966174
546724681
34532752
29719537
28606032
4884227
22699062
2071860008
2061963203
26440349
26135404
4884529
825558
22717170
32958091
1822523532
2669815058
28382729
2058263030
421423277
4887931
22745612
28371353
4890948
2104394795
22677576
28996499
29124079
2074344347
1347497946
1835378673
28977422
2657765704
31889423
460895
28547071
500913304
1330849751
27853206
1817414544
2061434466
2602712995
1873516148
447279032
26440340
1864341175
1950888680
1457319817
1422947556
1818761620
29535224
35288527
1910835837
1996350325
4889578
1821574359
1818504144
2626440035
1426132664
22686711
1914870471
2153390036
1950917376
2672217512
2156184144
22638595
2043149466
2114626013
28370759
27741616
1892207553
1957818268
553310784
459717347
2638898400
1459024209
2104643371
28411821
2656567752
547969350
1347497944
2144269430
515353
2132512503
1855778331
489970712
2666235842
1335681507
416531743
2104384534
34218859
2156450569
2104644346
29947213
573582096
1453342315
476410
2092218371
2660196153
2127617040
1955665030
1973106808
29534249
2679720406
1830451365
29091330
2631191436
29124091
1376653691
500913303
27672098
1931579035
2023094672
432486470
1938896121
1824979546
452804928
2153547810
2604904258
2670843389
1495030279
32431066
546724682
1306507664
1834120221
4889333
2613688715
505474375
2606935925
1390016329
1980935316
26124987
33791278
1933521161
1825059851
22716798
28642873
423997825
22822652
1968043773
1376659382
1989119256
4889131
2149794626
1890001608
22807190
1830451367
1961566335
1311345075
1408587104
4888353
2099558385
28559822
1849309117
1813577883
1813576414
2037944267
428095217
28559819
2070408389
1926395719
487379581
1983780234
27950389
2068041065
2013385984
1311346128
2650846555
860265
40915597
2622016842
2668908401
2097515349
2110578504
22677427
1818764582
34077951
2601604290
1337966873
33527617
28243625
1339719273
412902260
26089322
1913851638
31997146
2071225290
407485164
437039
1472555827
2017596874
1934635907
26435330
2132512956
1440419795
484056984
4887942
28917382
2132169876
1954943022
425136544
447279046
32358971
2094694752
28844024
529824438
1366516743
1467972858
2029875908
2071866065
546730656
2014789011
26096365
2643729094
529824437
1383171732
2018462678
2144248647
1944057951
26142121
22826152
495641
28243632
27958140
548648145
2019023654
1347497538
502455392
2132303518
507795268
28457396
421148214
2063107660
1844152978
481523276
452997952
22779014
1400920959
2013615435
34723640
416531748
1941530761
1334077117
582369
460887
1453108360
1961981911
1456486939
30870182
26124997
547971484
1886415052
2004978543
2686854469
546724678
1970757293
22677583
29154922
2011923704
28178026
1934049178
2684113228
26213681
1470465296
860542
490416076
1313897517
1968735699
1965622781
2615037609
484730497
1935949954
28364361
432486477
33937483
515609
1920598643
2104876546
1309903136
2062341863
2649249533
1974435985
2078070242
28864032
22640619
422094960
28917386
28468981
22635211
22677559
29246092
26440338
22811610
447280029
22677429
2028310157
1974899108
1998875504
1826442166
28977418
1363304051
1804888684
22716854
1914871810
2048942301
1385116336
459717342
573577093
22717395
4888331
1313102262
2106438386
2028082945
860283
2093903080
26219268
483671608
437802294
2041465981
2067735797
2103650398
26124996
1949687950
22760391
26213691
2131490872
1956553544
1864338286
1446321702
1335362746
1865247601
1961454524
28987273
1308819787
2065262405
30148963
751713
22677428
29379276
29785926
2660516260
532940102
2071531182
26209803
1915013179
2644623438
22677547
4887031
4888321
1871035762
2698762457
2099558383
1859602504
4884774
1492827692
502455386
30070242
27950385
484721137
33856838
2058897569
423997819
1913268085
2641799209
2684461239
2635295580
28953246
22717355
1337971569
1914427716
1468507874
1926958523
27853205
2090044617
26115906
30830840
1456486935
1941246173
4889580
1985052881
33937487
26113846
1313897521
436997
2119675746
2089650041
2084345029
2124427502
1396524587
30870538
1989905180
1973387214
2622702291
2091770490
1918884127
27958138
2630533707
2014226860
1986068950
2082002888
2135825053
2012441058
1294899571
1294899572
2132512954
407685201
22813143
1479930555
28953243
1919117188
29163444
2684924244
502455389
1915002558
434732274
4885164
484058976
2109685203
28642867
22779036
546730657
400690150
2135764796
1953293004
1376647905
22709632
29027483
26310268
460104
1991191322
22821014
2157873494
1375960069
2005747956
1452688410
2662902611
1999309754
2622681333
2619637242
1333335842
1358181896
1997514868
484730495
2063755887
2104034336
1889616196
26358300
1452686661
29827559
2034456201
1966112472
22716852
2074759832
1988015317
28636628
1417673643
22653751
1335373478
2090619260
22745603
1833652861
2674765182
452804927
29836643
1914870466
22716845
4886152
2676308495
2135506365
22699130
4884608
29124085
1335373471
2026660742
1985094349
22716837
32574949
2073603366
31830625
1440693795
4887946
1830449622
2046775099
1951775714
1459428220
31830615
26124548
2608506460
1985052776
1920257953
458238728
1859603835
2139295546
1988559129
423997817
2049023131
4887938
418602436
440464033
1818504092
2074704687
543373
2609481603
1379410951
1937321567
505474379
2032819101
429482654
2075188276
2036133286
32803310
22686712
26124533
2087386566
2120559595
1817414534
500913306
1335362786
2639291583
2622694402
4888616
1999310292
407485172
2664469655
27958134
2079346276
407679309
2670090281
2633061838
484056986
2005747019
426881149
1824929816
401250270
1436919586
2026479589
494858481
2652661332
2121024681
26219262
1935989135
2075856479
22699095
4885588
425298508
4892549
447280045
4887708
32823158
22699123
1928768515
30070241
2065210763
22677570
28364367
1925423981
546723683
1948735477
432486471
458231454
31245770
2057476369
